SGD:[  1.57424674e+00   4.85672073e-01   2.88073638e-01   2.19836708e-01
   1.81220435e-01   1.50986804e-01   1.33829090e-01   1.20263968e-01
   1.07808958e-01   9.95890648e-02   9.00885051e-02   8.35573194e-02
   7.79273779e-02   7.31320783e-02   6.93709971e-02   6.30408594e-02
   6.09048958e-02   5.75878779e-02   5.32414202e-02   5.01383201e-02
   4.65818884e-02   4.37659458e-02   4.08510124e-02   3.89294824e-02
   3.71088385e-02   3.38676505e-02   3.23691153e-02   3.14010171e-02
   3.06522426e-02   2.77823740e-02   2.59484394e-02   2.53299115e-02
   2.34496387e-02   2.16239068e-02   2.28899331e-02   2.06439336e-02
   1.84926852e-02   1.71645416e-02   1.70318838e-02   1.65475348e-02
   1.64428117e-02   1.39150988e-02   1.30900651e-02   1.28907467e-02
   1.25992248e-02   1.13291238e-02   1.06492549e-02   1.04859268e-02
   9.39249734e-03   9.04865559e-03   8.48582792e-03   7.73134320e-03
   7.54447695e-03   6.70608434e-03   7.17737775e-03   6.43233281e-03
   6.30253033e-03   5.45229824e-03   5.48269413e-03   4.99040011e-03
   4.81975289e-03   4.53051938e-03   4.39990833e-03   4.09203596e-03
   4.01249383e-03   4.15997194e-03   3.62767297e-03   3.60261633e-03
   3.42546168e-03   3.23444797e-03   3.22134613e-03   3.00559336e-03
   2.92972454e-03   3.08171229e-03   2.66439003e-03   2.51962894e-03
   2.59015837e-03   2.43619255e-03   2.37387412e-03   2.24720707e-03
   2.24884445e-03   2.22786377e-03   2.38820160e-03   2.20566151e-03
   2.01700277e-03   2.07089956e-03   1.98377987e-03   1.89571833e-03
   1.83765043e-03   1.81510303e-03   1.78236001e-03   1.77499855e-03
   1.75216245e-03   1.66215686e-03   1.61835139e-03   1.57186204e-03
   1.59241350e-03   1.57419207e-03   1.51851320e-03   1.44740644e-03]
SGD_Momentum:[1.6847597798288851, 0.55019561942212059, 0.29017010512611147, 0.21396317781533966, 0.16761522959329772, 0.1441002503879425, 0.1334994178030515, 0.11472390507550542, 0.10036113418975554, 0.09017377252036779, 0.083419220151869783, 0.078893155846021495, 0.074047516631524618, 0.070126114625251215, 0.061482524879031095, 0.058412732630939504, 0.056954292431720427, 0.051932392517152988, 0.048370437471217269, 0.046471682195967069, 0.044122466647826548, 0.042330997540757989, 0.038502334007294671, 0.036254418120035603, 0.035976380390309794, 0.033836122072808394, 0.030203122202348758, 0.028266185319911308, 0.026421102420213834, 0.026193998278597072, 0.024891280279551294, 0.025256537185315949, 0.020995391687321396, 0.022208602188469203, 0.020631457200194193, 0.018154547048874169, 0.017578043465276801, 0.017341502679303386, 0.015064062880555826, 0.01479266587352596, 0.013425150628689797, 0.012505900714955094, 0.011266496742580085, 0.011125959348434999, 0.010906782822996728, 0.0099013711715427392, 0.0091863181600434635, 0.0088992205083318603, 0.0083766147103070242, 0.0072378433777473602, 0.0065955556046314971, 0.0063913605301970213, 0.006037760767043869, 0.0058885975913901293, 0.006305854816094603, 0.0052973495515132706, 0.0054818997529468491, 0.0049707777314460643, 0.0047497221282007569, 0.0044636602148436129, 0.0039724106682974495, 0.0040298317605156793, 0.0037835010337055881, 0.0037478473115270397, 0.0036572849361362542, 0.0034744478528226713, 0.0033135224858270394, 0.0032165855483801339, 0.0030169671927745907, 0.0030086152291818134, 0.0028188359258999006, 0.0026153446494506221, 0.0027098351451162622, 0.0026596045186381314, 0.0024904821673688536, 0.0024233039526758895, 0.0022516638748578989, 0.0021287309176777746, 0.0021283657204027081, 0.002004326553934334, 0.0020859863633807744, 0.001902481767999332, 0.0021156980392706801, 0.0019849919515374805, 0.0017865515344733952, 0.00184275306082566, 0.0017307093711091278, 0.0017617168608970867, 0.0016678432986372955, 0.0016470621781551173, 0.0016012026589592853, 0.0015714368669774255, 0.0015077570029060614, 0.0014854473729713213, 0.0014651782649043568, 0.0014430986792398405, 0.0014270467636581662, 0.0013596097513714428, 0.001372448681867319, 0.0013840922054910109]
RMSProp:[0.87118823897330422, 0.30042146459900215, 0.20136504673225156, 0.14569319236048764, 0.11730118718413618, 0.095982800052515777, 0.078396327740068536, 0.068496855989765446, 0.060453083659569279, 0.052651174273297484, 0.045870971867754684, 0.040663998457087826, 0.036340402173736817, 0.031874458916248377, 0.028121360630707845, 0.02415346472898414, 0.02141876965533435, 0.018419524091635858, 0.016281572025150355, 0.012147657643570465, 0.01178693831793777, 0.01073712295171746, 0.0096624963995323998, 0.0076200984353690408, 0.0065630738203627352, 0.0049319806566122774, 0.0040157523226745174, 0.0032588337197114962, 0.0065977080937355999, 0.0032319530266046075, 0.0033862885655448335, 0.0021603902611330187, 0.0029394460052802949, 0.0033981532679935584, 0.0020911552521684354, 0.00052871528345776184, 0.0010735359080992263, 0.0023973225925783266, 0.00057512359703856461, 0.0020425969456683265, 0.00012196862827772521, 7.6027977198807748e-05, 6.4589719441517362e-05, 5.470205104956941e-05, 4.8439899378342506e-05, 4.4729487881976462e-05, 4.0937804320029651e-05, 3.8840479201664909e-05, 3.6404773828232292e-05, 3.4031911700910926e-05, 3.2424023067643058e-05, 3.0878555562599503e-05, 2.8974665520151505e-05, 2.7633593218600433e-05, 2.722360284380215e-05, 2.6056581700450543e-05, 2.5031489319880653e-05, 2.4141980326078173e-05, 2.3515646061146934e-05, 2.266181862846281e-05, 2.1826775904465814e-05, 2.1302450894950073e-05, 2.0588850496054642e-05, 2.0243992989700434e-05, 1.9442297194879652e-05, 1.9080126162834029e-05, 1.8383360053075042e-05, 1.8215199164668343e-05, 1.7771319562714428e-05, 1.7306631331813766e-05, 1.6774490579230236e-05, 1.6558605815147494e-05, 1.6195156244681984e-05, 1.5824965653793733e-05, 1.5403372316104431e-05, 1.5212614142157516e-05, 1.4850737107437723e-05, 1.4491360207276222e-05, 1.4125980879959275e-05, 1.3941982050541455e-05, 1.3708864461661398e-05, 1.3530101124854778e-05, 1.3339313517967278e-05, 1.3011526091949865e-05, 1.266837181944339e-05, 1.2545735052381834e-05, 1.2414599747624853e-05, 1.2297961674725563e-05, 1.1993962308878188e-05, 1.1704808027692548e-05, 1.1680916042417795e-05, 1.156587591484092e-05, 1.1218818999531179e-05, 1.1173417846306834e-05, 1.0800014551805121e-05, 1.0816370064477498e-05, 1.0643604076875553e-05, 1.0472185082395667e-05, 1.042795425044339e-05, 1.0168560232038591e-05]
